69,12,66,85,14,38,44,5,95,78,6,98,45,38,83,28,45,29,19,91,78,20,21,80,72,7,46,23,25,45,32,78,72,4,19,28,57,38,79,71,38,91,12,
148
51,33,19,89,27,75,3,51,0,10,53,30,49,61,48,57,30,58,1,11,51,90,80,6,25,10,29,44,71,15,12,25,22,79,93,90,57,18,9,97,35,87,35,
148
92,74,54,78,30,63,63,56,17,46,95,14,22,23,25,70,14,77,72,13,16,71,37,66,55,75,92,1,66,18,75,34,37,70,40,67,75,96,79,33,30,22,27,
148
2,67,70,68,0,51,24,27,54,23,43,33,44,85,38,44,0,50,13,48,62,30,43,8,17,22,35,77,79,88,40,67,33,43,64,
148
54,85,9,77,3,79,22,18,0,9,83,42,57,23,65,69,94,71,58,84,93,47,83,39,44,83,66,47,44,8,9,5,43,6,89,49,99,
148
5,95,67,10,57,63,89,64,39,81,98,82,81,48,1,63,33,82,32,44,10,88,9,48,41,48,49,40,40,12,92,99,50,90,35,8,34,58,77,
148
53,77,4,75,18,39,61,17,64,7,27,23,1,7,69,53,24,45,14,88,43,6,65,26,27,60,87,43,18,45,15,23,47,25,37,2,35,72,51,19,92,49,75,29,57,84,
148
91,61,44,24,5,0,14,25,68,65,12,9,76,50,78,71,97,95,4,33,60,94,57,59,92,48,40,16,15,69,62,14,63,92,97,
148
13,66,29,68,37,39,43,65,74,80,59,35,28,90,67,71,86,61,67,82,25,31,43,39,77,26,61,15,95,63,52,27,39,24,50,34,68,87,95,96,43,17,55,77,96,60,72,52,78,24,58,4,50,
148
34,88,60,73,51,16,19,65,76,92,26,36,92,85,19,60,58,34,57,56,79,81,48,44,11,68,42,69,35,21,59,11,82,50,42,29,59,21,30,68,40,13,51,32,51,
148